a = 3.123e7i + 67
